$ANSIBLE_VAULT;1.1;AES256
32333232616533373637386235643837363137616637393164376534626630636363363265326163
3736303531306463613830653466383535376234663339640a343735306536666631333833303265
30666238613434393833386432623330613137323161653764316264343764646238626230643162
3964633564663237610a333266656634663538623863323333373362633831313362333261373138
30313930303462336462303739386637373263623362643932373938633133386331616533666163
35656231623230303963303636626331623666626239366466313835333132656237303332633061
32336461363639653261356464633235623230336438316538633462386234613364303061353931
65623961663461663138313736353238313135653630636235666435636339616638666237336531
38343335303439353736323566356366636635336531363437393330356235616435386266343135
35636465303463363435643236643738383166313465623930353034643135386266623038396135
32393465666135386164366465303137343930313763356666323363656665633232343364333062
63393435396263656266363236333362656233393538633835613165373433363636656233633636
37616634653166353561393336616237633734363064353239316138653835656138323838393731
39373563363935343635623765313161313639323066306533643435323866323531323136643464
37303836663831393139376137393636353231643335323033303037633533373462333537333265
34353531303831373332646537323438363938646230353637643464346234633465623237316466
61376333373732653238363039336461353837653233643931376238333364363663623433356135
66376230626463316537323330376261346235393264643463343039653737373230333934653639
31656466353036616634323034323034313966356433643638323030393264663136346263306162
35313334383834333735363836643933366365353132393939613838613238616233353533383532
61626432353037633133313237613064336336323836316664306666343161613133626235343530
66633438343565656532666434646561393164653533636364363635353933663330396234636661
33656434313766626236333739363235356461643662386266366530333334353530303464643164
64316134623661336436646234396165393934303036316532333731323939646363313465326535
31373366373136663664396163613037316634643330623766313164376637336234643061373061
63303237623266396530663630333335646465616139363736653135353135653765373136343437
64373264613861663835386233336666353266316534363337636164356233636466643533386438
37363362373063366632616363366261616661633036626564353136393661343231383662643838
64386434353037646665336364373537373236653366383765396634343734393137616661313934
62386266633461366333646265623339653935303762393439643334623030316433323530666234
36633533613739623239356566616236336263636333646537626366396436303633333733353664
63313636313334623736643038353436346437353761623961623835346162643061626133666532
32646333636238396136626265373633313165336464376232626263323461383233623365666431
61643264383862633537383634366638383738376565393565373566386633633438383330366461
37366265336234373230353866303537313663343734326632666232396536333332386263363630
36653438343662306137333264393339653435396365313432393336333232333535353861333836
39313330316235636435323835363565363264626633393032653132363064363535633165356264
31643236386435383465383162303862613536306539343735313230396161383632646364346632
39363331353936613966633231373662373338643530343538343865386631366337653565376632
33646433623232633962393061656239316632343434393537333634613933616565373039653939
30366261393162323239376463373864333663346432323538386365633163636166343932316638
32326134366365316332313635646237326631313232376465633538363839616333323836616135
39333364323733663033353832663337353430396361386432383031383231633233323539323331
34356639303662663637626162376437623236646665663539643738346639663635363631323965
31376363613433313632666531323062356233396562306633643063343534383135353337383864
39613138613261643063333364373435323361306239646131636131626433393638313338393662
62643363616664396538656664353436623862353234366639623563313365663731613734373339
34356638613332643734656562313564353065303565643065656661363966393235623262663231
65323463356561666666336339323432613132386165386464653365363438353061646439336465
37333663326435353763373266386532333330393661333434646632333461666435306162376463
30303666303133306632323338633865363061333030353833623761353432666162343532363264
32653164303938343765623535316237336665323135346465306235613366663565346365333165
62633231643865343162363261663331363931373663373264303066336438633263633134393433
36313438323034336665623038313438383139646663393764663430356535376334343439646130
61613465343931666462666230353038306338303535386434393333373438626536386634396633
65666533623131646166373064366664646533343939336135623163396634396633346136646135
63396362636336343362346437386532623762373265396162343232313363353432373435653630
33376665383330363865303264336437363532313237663331633562303439373935663166383631
38326363663530303439633536376337353438633066373336666661666630383436383061353233
39636530333762396336626663363730313231383565366165373539646261616437646364613833
31633432363865303433323034386337616261313333386132373530316539336265326231623565
35303033626564313064643364626230356438653563333430373630343362346534316665376131
64336531633263383261666432626436356238386565663863393063626365386663656433636638
33393738343138656461373634633461643235366232663538343537666564343962303366653930
63316166366363636166633932306331363236313865396462313062363965663039356436363064
61376165396563363337613231303063306536616133326434386231353035613835376262643030
33323931396138323435643162343439323131363430383063393463376363363166386362393331
38366665376336646336643261343761656261626432333033343163663366653931653237633464
61363231346362666536343836306531633031353639306263306531393561383766323537393830
61393036656539653530373735646534386164633136383132646463376230353532373834613730
39313761336564353136353931333230346164353266613733393161626664386561393466303434
30366262626431363266663365396539333262313862656666613737613561306161613732323261
35643331636162323534633963313062626235663934303138633033646235633065666231663732
62613830643363643362333737636561396165356263633538383833343633643238373065396138
65386261643939393362313431626138663363303263336435643438643039616532343234646337
63363735636437633864616265383935633732323030653530313631386530313432386533623336
36333031643539373438643937636439373030616663303233386165666366633562386635643666
36386265643638313430386333373535646162363832633836326430653232393531623331666433
31613238666530623961396361326566376130376637353136313631383564363232393834343439
34666431656166323164623938356531626539666363313132376566326334383438376562303732
33303434363862373765663034333837643765636337626237323130323138303639373832356538
32613639393866356134393731323036306236306533386136626335306331353533346661643135
35316634356530323331633235666338343836633765303265346162643139376431653236323161
32366532613437346362636131626639326437636131336431363364376264646437666133346234
35386637643432376366393666333734653737623065326465356138633164393234333238323739
64343764613634336638333533303335396665633330646566656236353839316537666437343838
65643965613561653261306134396638346235653938656434653364346537666166626536376537
62626662613335636430653132376236393666383038666364326162633963643137623134336331
62616532643665393838623161636533613631306436623366646561643766353665313366643562
30633834633566336564373461373138663838326434326631366433663630663661343965383665
66626137633335656434636162306338373861333165306663643833323762663865623066396161
33633464363235376563333338636232616638313064393434336136613666363131383234623465
66386331323561393337333364663531376364326330636333316161333064613065376365346563
35643865393430396532383662663161303232376638313934633664623837396432323636353833
62643065373834356638373862313539306238333466323066626139333865396632343434663665
63333038333836326537356639333161623734376131363364326639343262653435656664623030
62353532616664626665366162336132323932623933393737613732666537313066393664616266
61313135353835623561383365333033376435343036656635666338306531613537396530666564
39383162353562313962306431343731363764303462653362633339393261656330613462316638
39333263316130613932306535623533303838373130373336633435363838303732343933363665
30366430343332323232303432303337343962373636323965313430663230343466356261326432
30326639636563666638336239653035376336303739666135633038653635393739303430336138
66633837323466396335663462616462633536373261356561383238313466656333326432306339
32306538336262313138393762356539346361313631633139636134303038393138366136383834
38623865653832386162383264356566626633346663623434393062663135363962643231646261
66383338643466373532353937393830373430623063666462313361323863373935643230396636
30663733333665363137376266623331613834306564616561333933336133653230323430313262
64303930636132316130656538623836323331306137636266636136333337393432663936396265
34383135393933643030376537316663643833666666663134356132356339626631306466613831
33623435623736646430656561363533306234653961353961646162326463613862313738393636
35663734313565643430663566653530373034316136376433643633666138653439323935633135
36636465336130386263643030356564613964653230323430613266643137336635333761376466
62306138303331326439643033653230323530653962633734396264323566643237383638613664
35353339333734306630646632383065326162313138303834323239333037323261616135656665
62333133656538356231646530396530646535636234353162633537336337346530313332343939
31616263653766373163633138323132363837656132386330326339333261336264353363396637
65616537316562646530626232623837313130643239383630323132626364616437366130633761
62666264663934333435386336316263643737663138313363623739306232326462326539356534
64393837303362393032313134313062363335366239316235623933346464623261626366626261
65653034323331363531613430373635626539643635393030663432383830386364653264363932
31386165363861353661613865376233616135386131643064643965663531326532353131363164
65346262663962386539653137363139333366636239613634643634396534643730333834306134
66656264373034393961666364663038663064333733346133383664643263396261363134396439
63646230336166376366343565666634376339613233313163656639646137356261366161373865
34636130346637326462333035346264373839303736623261336261663934643064353232373236
33663736616636653333373136373135336265303535356563623438656461663437323734633632
36303536666634353430366132663633393039316630623938303236323163636165383939656638
31323139386565303437666238333534343838613865363831653230323865636338336330306564
33336263303165363835373933353935333433626534646638633163616663663662656164306365
66623637613431663732323131323065306166653536303866313166383732613138656264666462
65326239333231653464386433376632366534353662626663323531623836613139326562336339
33373261353535366431313064386132663337353065666538303361363432393732633038373038
38336432353461653930333032633166663030346133613838643231623834386461373061363237
32346661333536666234366235383663643738333133313238613765333338333966626336313265
66643265623666373164616338633236316264666333643733373961313831623363316664643633
31643063336236313132363837616166626563306239613833383630633938313435376632643062
30366131616336376664326262363934613835623366386466366465306131316533313365643865
34353433303235616661653434393033646536623432313361373766613865633038393532376262
33643963663464366536393532386434393661643133323061376265663262633464316263376261
34376332663365353431326265343231613730343237323838623662373736656339336464386231
65653034346464623034346139393139386333666238313063323231666437663963303962343839
32363338396461306263653433633732356438626366386266633738633335353065303765343765
39366366613030346261386266396630366439363136643336383335353035633732393639343864
65353836343465663631393237613639353363666164643964646530653337323061386636333062
61333238306639636664656531366534663037323139363763316362623661366231376334336461
62333630336264383465626433633038623065383537383763613635643563326563353533373032
35623634343936393938623066366334633464376364623734313831616238613264386233363635
36623431616334316463393730313338633535303465313531386234386537613535323534373030
36306636623465336233313836613430633236626361653766363537363030666339613934393032
33326335333332643464386232373632666333633235663466343862323035633639316330653330
30386166336466313330373062626431316433363263333632353661656530333566383238623533
39376530373962666630623764343762316634623661333137306130313038663861356339663833
61653366313831366532373262346632303836383831623366343532643934393961363066363631
64656635356362316665396161316536623763316432636237373531353734613737316235623337
35663132343961393738313735343965666632666437326462666431313766356635323331653866
37653931313035623665383136346166646163393037363136323639336336356235313735636130
36326236623035346664363035656236346639366230633532376261386134313065303033343837
39646463636232353038303637346362383636323666343835323133613931366463656439343438
64663461313830663266613038343532346162333935636362316239373566303663383634346639
31663432383266623034613066383131313462663861346466653238363563633433356564356638
64643564363131396564623664323236356162663566363835656131643236633262393462373263
31643734373934613763353236303938383466373536616665653932666237613762313134306137
64643661303139376530303236373163363666316232353934336430656638316466313734646530
38643864633633313262303361636566353432316331636465396330326461323561656530393536
32393036623131633538623565646135666366623539336662663665663539353065393039303534
64313936386336323730323866613763313162633034353563623938373431643233316164656661
64366433316165623334356362363630336139666363323530643561623162396261353761343861
65396632626365363030366535393234393930313035636538363730623635343463616563326239
31306537343234313434316638336530316230396132376133623737616232633463353638666363
64663932333035333734376232316534653763643937326466616334393062323637393334613638
35386634376563613563653464353837636363376633336261616338373132626163343538623338
31623265303838326637313164626339306138333032303634316335333061326163393765636436
66653332343734356634663731353131646132306239383062343239396336316133303531666635
34636338303865363734376433613835303535383035303332343564643635363430363465396438
39353332383638386131393439646539333732343432643735316361323263386665646264383463
31346235666536663065
